151 proof rum:75.5, 95, 10, 0, 10, 0, 0, 5, 40, 0, 0, 0, 10, 0, 0, 20
7-up:0, 0, 70, 30, 0, 0, 0, 0, 20, 0, 0, 0, 20, 0, 0, 0
absinthe:45-74, 60, 30, 0, 70, 0, 0, 40, 30, 0, 90, 10, 0, 0, 0, 0
absolut citron:40, 70, 20, 60, 0, 0, 0, 0, 30, 0, 0, 0, 60, 0, 0, 0
absolut kurant:40, 70, 40, 10, 0, 0, 0, 0, 30, 0, 0, 0, 80, 0, 0, 0
absolut peppar:40, 70, 0, 0, 0, 10, 0, 0, 30, 90, 30, 0, 0, 0, 0, 10
absolut vodka:40, 80, 0, 0, 0, 0, 0, 0, 30, 0, 0, 0, 0, 0, 0, 0
advocaat:16-20, 30, 60, 10, 0, 0, 0, 0, 20, 0, 0, 0, 10, 0, 60, 0
agave syrup:0, 0, 90, 0, 0, 0, 0, 0, 30, 0, 0, 0, 0, 0, 0, 0 
ale:4-7, 10, 20, 10, 30, 10, 0, 10, 30, 0, 10, 0, 0, 0, 10, 10
allspice:0, 0, 10, 0, 30, 30, 0, 0, 40, 40, 30, 0, 10, 0, 0, 10
almond:0, 0, 10, 0, 5, 20, 0, 0, 20, 0, 0, 0, 0, 80, 20, 0
almond flavoring:0, 0, 20, 0, 20, 10, 0, 0, 20, 0, 0, 0, 0, 80, 10, 0
amaretto:24-28, 40, 60, 0, 10, 10, 0, 0, 30, 0, 0, 20, 30, 30, 30, 0
angelica root:0, 0, 10, 0, 40, 40, 0, 20, 30, 0, 70, 0, 0, 0, 0, 0
angostura bitters:44.7, 60, 30, 30, 80, 50, 0, 0, 40, 0, 50, 0, 10, 0, 0, 0
anise:0, 20, 20, 0, 50, 20, 0, 0, 30, 0, 90, 0, 0, 0, 0, 0
anisette:30-40, 50, 60, 0, 20, 0, 0, 0, 30, 0, 70, 0, 0, 0, 10, 0 
aperol:11, 20, 40, 30, 30, 0, 0, 0, 30, 0, 30, 0, 40, 0, 0, 0
apfelkorn:18-35, 40, 40, 0, 0, 0, 0, 0, 30, 0, 0, 0, 70, 0, 0, 0
apple:0, 0, 70, 5, 0, 0, 0, 0, 20, 0, 0, 10, 90, 0, 0, 0
apple brandy:40, 70, 10, 0, 0, 0, 0, 0, 30, 0, 0, 0, 70, 0, 0, 10
apple cider:4-8, 5, 60, 20, 0, 0, 0, 0, 20, 0, 0, 0, 80, 0, 10, 0
apple juice:0, 0, 80, 10, 0, 0, 0, 0, 20, 0, 0, 0, 90, 0, 0, 0
apple schnapps:15-24, 40, 40, 0, 0, 0, 0, 0, 20, 0, 0, 10, 80, 0, 0, 0
applejack:35-40, 60, 20, 0, 0, 0, 0, 0, 30, 0, 0, 0, 60, 0, 0, 20
apricot:0, 0, 60, 10, 0, 10, 0, 0, 20, 0, 0, 10, 80, 0, 10, 0
apricot brandy:40, 70, 20, 0, 0, 0, 0, 0, 30, 0, 0, 0, 70, 0, 0, 0 
aquavit:40-45, 60, 0, 0, 40, 0, 0, 0, 30, 0, 60, 0, 0, 0, 0, 0
asafoetida:0, 0, 0, 10, 50, 90, 50, 0, 30, 80, 10, 0, 0, 0, 0, 0
añejo rum:40, 80, 20, 0, 0, 20, 0, 0, 40, 0, 0, 0, 20, 0, 0, 20
bacardi limon:32, 60, 30, 40, 0, 0, 10, 0, 30, 0, 0, 40, 50, 0, 0, 0
"bailey's irish cream":17, 30, 60, 0, 10, 0, 0, 0, 20, 0, 0, 0, 0, 80, 60, 0
baileys irish cream:17, 30, 60, 0, 10, 0, 0, 0, 20, 0, 0, 0, 0, 80, 60, 0 
banana:0, 0, 60, 0, 0, 0, 0, 0, 20, 0, 0, 0, 80, 0, 20, 0
banana liqueur:25-40, 50, 70, 0, 0, 0, 0, 0, 20, 0, 0, 0, 90, 0, 10, 0
beer:4-8, 10, 10, 10, 20, 10, 10, 10, 20, 0, 10, 0, 0, 0, 20, 10
benedictine:40, 60, 70, 0, 60, 30, 0, 0, 30, 0, 70, 10, 0, 0, 0, 0
berries:0, 0, 60, 10, 0, 0, 0, 10, 20, 0, 0, 10, 80, 0, 0, 0
bitter lemon:0, 0, 10, 80, 30, 0, 0, 0, 20, 0, 0, 0, 30, 0, 0, 0
bitters:35-45, 60, 30, 30, 80, 50, 0, 0, 30, 0, 50, 0, 10, 0, 0, 0
black pepper:0, 0, 0, 0, 10, 80, 10, 0, 40, 90, 40, 0, 0, 0, 0, 10
black sambuca:38, 70, 40, 0, 40, 0, 0, 0, 30, 0, 30, 0, 0, 0, 0, 0
blackberry brandy:18-30, 50, 40, 20, 0, 0, 0, 10, 30, 0, 0, 0, 80, 0, 0, 0
blackcurrant cordial:0, 0, 80, 30, 0, 0, 0, 0, 20, 0, 0, 0, 90, 0, 0, 0
blackcurrant squash:0, 0, 70, 20, 0, 0, 0, 0, 20, 0, 0, 0, 90, 0, 0, 0
blended whiskey:40, 70, 10, 0, 30, 10, 0, 10, 30, 0, 0, 0, 0, 0, 0, 20
blue curacao:25-40, 50, 40, 0, 0, 0, 0, 0, 20, 0, 0, 0, 70, 0, 0, 0
blueberry schnapps:15-24, 40, 60, 10, 0, 0, 0, 0, 20, 0, 0, 0, 90, 0, 0, 0
bourbon:40, 70, 10, 0, 10, 20, 0, 0, 30, 0, 0, 0, 10, 0, 0, 20
brandy:35-60, 70, 10, 10, 10, 10, 0, 0, 30, 0, 0, 0, 30, 0, 0, 10
brown sugar:0, 0, 90, 0, 0, 20, 0, 0, 20, 0, 0, 0, 10, 0, 10, 20
butter:0, 0, 0, 0, 0, 20, 20, 0, 20, 0, 0, 0, 0, 0, 100, 0
butterscotch schnapps:15-30, 40, 80, 0, 0, 10, 0, 0, 20, 0, 0, 0, 10, 0, 40, 0
cachaca:38-48, 70, 0, 0, 0, 0, 0, 0, 40, 0, 0, 0, 40, 0, 0, 10
campari:20.5-28.5, 40, 30, 30, 60, 0, 0, 20, 30, 0, 30, 0, 20, 0, 0, 0 
candy:0, 0, 90, 10, 0, 0, 0, 0, 20, 0, 0, 0, 40, 10, 30, 0
cantaloupe:0, 0, 60, 10, 0, 0, 0, 0, 20, 0, 0, 0, 90, 0, 10, 0 
caramel coloring:0, 0, 80, 0, 0, 40, 20, 0, 10, 0, 0, 0, 0, 0, 10, 30
caramel sauce:0, 0, 90, 0, 0, 20, 0, 0, 20, 0, 0, 0, 10, 0, 40, 10
carbonated soft drink:0, 0, 70, 30, 0, 0, 0, 0, 20, 0, 0, 0, 30, 0, 0, 0
carbonated water:0, 0, 0, 10, 0, 0, 0, 0, 10, 0, 0, 0, 0, 0, 0, 0
cardamom:0, 0, 10, 0, 30, 60, 0, 0, 40, 0, 90, 0, 0, 0, 0, 0
carrot:0, 0, 40, 10, 10, 30, 10, 0, 20, 0, 0, 0, 20, 0, 20, 0
cayenne pepper:0, 0, 0, 10, 0, 40, 20, 0, 30, 90, 30, 0, 0, 0, 0, 10
celery salt:0, 0, 0, 0, 10, 60, 80, 0, 20, 10, 40, 0, 0, 0, 0, 0
chambord raspberry liqueur:16.5, 30, 70, 10, 0, 0, 0, 10, 20, 0, 0, 10, 90, 0, 0, 0
champagne:12, 30, 10, 20, 0, 0, 0, 10, 20, 0, 0, 10, 20, 0, 20, 0
cherries:0, 0, 60, 10, 0, 0, 0, 10, 20, 0, 0, 0, 90, 0, 0, 0
cherry:0, 0, 60, 10, 0, 0, 0, 10, 20, 0, 0, 0, 90, 0, 0, 0
cherry brandy:24-40, 60, 40, 10, 0, 0, 0, 0, 30, 0, 0, 0, 70, 0, 0, 0
cherry grenadine:0, 0, 90, 10, 0, 0, 0, 0, 20, 0, 0, 0, 90, 0, 0, 0
cherry heering:24, 50, 60, 10, 10, 0, 0, 0, 30, 0, 0, 20, 60, 0, 0, 0
cherry liqueur:24, 50, 70, 10, 0, 0, 0, 0, 30, 0, 0, 10, 70, 0, 0, 0
chocolate:0, 0, 30, 0, 40, 30, 10, 0, 20, 0, 0, 0, 0, 40, 60, 20
chocolate ice-cream:0, 0, 60, 10, 10, 10, 10, 0, 20, 0, 0, 0, 10, 20, 80, 10
chocolate liqueur:25-35, 50, 70, 0, 10, 10, 0, 0, 20, 0, 0, 0, 10, 10, 70, 10
chocolate milk:0, 0, 80, 10, 0, 0, 10, 0, 20, 0, 0, 0, 10, 0, 80, 0
chocolate sauce:0, 0, 90, 0, 20, 20, 0, 0, 20, 0, 0, 0, 0, 20, 70, 20
chocolate syrup:0, 0, 100, 0, 10, 10, 0, 0, 20, 0, 0, 0, 10, 0, 40, 10
cider:4-8, 10, 40, 20, 0, 0, 0, 10, 20, 0, 0, 0, 60, 0, 10, 0
cinnamon:0, 0, 30, 0, 20, 40, 0, 0, 40, 30, 20, 10, 10, 0, 10, 20
cloves:0, 0, 20, 10, 60, 50, 10, 0, 30, 40, 60, 10, 10, 0, 0, 20 
club soda:0, 0, 0, 10, 0, 0, 10, 0, 10, 0, 0, 0, 0, 0, 0, 0
coca-cola:0, 0, 100, 30, 0, 0, 0, 0, 20, 0, 0, 0, 0, 0, 0, 0
cocoa powder:0, 0, 10, 0, 70, 40, 0, 10, 20, 10, 0, 0, 0, 0, 50, 30
coconut liqueur:21-24, 40, 60, 0, 0, 0, 10, 0, 20, 0, 0, 20, 40, 0, 40, 0
coconut milk:0, 0, 20, 0, 0, 10, 20, 0, 20, 0, 0, 0, 20, 0, 90, 0
coconut rum:40, 70, 30, 0, 0, 0, 10, 0, 30, 0, 0, 10, 40, 0, 20, 0
coconut syrup:0, 0, 90, 0, 0, 0, 10, 0, 20, 0, 0, 10, 40, 0, 40, 0
coffee:0, 0, 10, 10, 40, 30, 0, 10, 40, 10, 0, 0, 10, 0, 20, 40
coffee brandy:35-40, 60, 20, 0, 20, 10, 0, 0, 40, 0, 0, 0, 20, 0, 10, 20
coffee liqueur:20-30, 50, 50, 0, 40, 10, 0, 0, 30, 0, 0, 10, 20, 0, 40, 20
cognac:40, 70, 0, 0, 0, 20, 0, 0, 40, 0, 0, 0, 30, 0, 0, 10
cointreau:40, 70, 30, 40, 10, 0, 0, 0, 30, 0, 50, 40, 40, 0, 0, 0 
condensed milk:0, 0, 90, 10, 0, 0, 30, 0, 20, 0, 0, 0, 10, 0, 90, 0
coriander:0, 0, 0, 10, 20, 60, 10, 0, 30, 30, 50, 0, 0, 0, 0, 0
corn syrup:0, 0, 100, 0, 0, 0, 0, 0, 10, 0, 0, 0, 0, 0, 0, 0
cornstarch:0, 0, 0, 0, 0, 0, 0, 0, 0, 0, 0, 0, 0, 0, 10, 0
corona:4.6, 10, 10, 20, 20, 0, 0, 0, 20, 0, 0, 0, 10, 0, 10, 0
cranberries:0, 0, 30, 40, 10, 0, 0, 10, 20, 0, 0, 0, 80, 0, 0, 0
cranberry juice:0, 0, 30, 60, 10, 0, 0, 0, 20, 0, 0, 0, 70, 0, 0, 0
cranberry vodka:35, 60, 30, 30, 0, 0, 0, 0, 20, 0, 0, 0, 70, 0, 0, 0
cream:0, 0, 10, 10, 0, 0, 0, 0, 20, 0, 0, 0, 0, 0, 100, 0
cream of coconut:4-21, 10, 80, 0, 0, 0, 20, 0, 20, 0, 0, 10, 40, 0, 80, 0
creme de banane:18-25, 40, 80, 0, 0, 0, 0, 0, 20, 0, 0, 20, 60, 0, 20, 0
creme de cacao:24-32, 50, 60, 0, 40, 0, 0, 0, 30, 0, 0, 0, 10, 0, 40, 10
creme de cassis:16-20, 30, 70, 10, 0, 0, 0, 0, 20, 0, 0, 0, 80, 0, 0, 0
creme de mure:15-25, 40, 70, 10, 0, 0, 0, 10, 20, 0, 0, 10, 80, 0, 0, 0
crown royal:40, 70, 10, 0, 10, 10, 0, 0, 30, 0, 0, 0, 20, 0, 0, 0
cumin seed:0, 0, 10, 0, 40, 80, 20, 0, 30, 50, 60, 0, 0, 0, 0, 30
curacao:30-40, 60, 50, 0, 0, 0, 0, 0, 30, 0, 10, 20, 70, 0, 0, 0
daiquiri mix:9-14, 20, 70, 30, 0, 0, 0, 0, 20, 0, 0, 0, 60, 0, 10, 0
dark creme de cacao:24-32, 50, 50, 0, 60, 20, 0, 0, 30, 0, 0, 0, 0, 0, 40, 20
dark rum:40, 80, 20, 0, 0, 20, 0, 0, 40, 0, 0, 0, 20, 0, 0, 30
demerara sugar:0, 0, 90, 0, 0, 0, 10, 0, 20, 0, 0, 0, 10, 0, 0, 10
dr. pepper:0, 0, 90, 20, 10, 10, 0, 0, 20, 0, 0, 0, 10, 0, 0, 0
drambuie:40, 70, 60, 0, 30, 10, 0, 0, 30, 0, 40, 10, 0, 0, 10, 10
dry vermouth:16-18, 40, 10, 40, 30, 20, 20, 0, 20, 0, 40, 0, 0, 0, 0, 0
dubonnet rouge:19, 40, 40, 40, 40, 20, 0, 20, 20, 0, 30, 0, 30, 0, 0, 10
egg:0, 0, 0, 0, 0, 30, 30, 0, 20, 0, 0, 0, 0, 0, 40, 0
egg white:0, 0, 0, 0, 0, 10, 10, 0, 20, 0, 0, 0, 0, 0, 0, 0 
egg yolk:0, 0, 10, 0, 0, 20, 20, 0, 20, 0, 0, 0, 0, 10, 80, 0
erin cream:17, 30, 60, 0, 10, 0, 0, 0, 20, 0, 0, 0, 10, 0, 80, 0
espresso:0, 0, 0, 10, 60, 40, 0, 10, 30, 0, 0, 0, 0, 0, 10, 40
everclear:95, 95, 0, 0, 0, 0, 0, 0, 20, 0, 0, 0, 0, 0, 0, 0
fennel seeds:0, 0, 10, 10, 40, 40, 10, 0, 30, 30, 80, 0, 0, 0, 0, 0
firewater:50-95, 80, 0, 0, 10, 0, 0, 0, 40, 0, 0, 0, 0, 0, 0, 10
food coloring:0, 0, 0, 20, 10, 0, 10, 0, 10, 0, 0, 10, 10, 0, 0, 0
frangelico:20, 40, 60, 0, 20, 10, 0, 0, 20, 0, 40, 40, 10, 20, 20, 0
fresca:0, 0, 60, 40, 0, 0, 0, 0, 20, 0, 0, 0, 40, 0, 0, 0
fresh lemon juice:0, 0, 10, 90, 10, 0, 0, 10, 20, 0, 0, 0, 30, 0, 0, 0
fresh lime juice:0, 0, 10, 90, 10, 0, 0, 10, 20, 0, 0, 0, 20, 0, 0, 0 
fruit:0, 0, 60, 10, 0, 0, 0, 10, 20, 0, 0, 0, 80, 0, 10, 0
fruit juice:0, 0, 70, 20, 0, 0, 0, 0, 20, 0, 0, 0, 90, 0, 0, 0
fruit punch:0, 0, 80, 20, 0, 0, 0, 0, 20, 0, 0, 0, 90, 0, 10, 0
galliano:30, 50, 60, 0, 30, 0, 0, 10, 30, 0, 60, 20, 20, 0, 20, 0
gin:40, 70, 0, 10, 30, 0, 0, 0, 40, 0, 60, 0, 0, 0, 0, 10
ginger:0, 0, 30, 40, 10, 20, 10, 0, 30, 60, 0, 0, 10, 0, 0, 10
ginger ale:0, 0, 70, 30, 0, 0, 0, 0, 20, 10, 0, 0, 10, 0, 0, 0
ginger beer:4-8, 10, 60, 30, 0, 0, 10, 0, 20, 20, 0, 0, 20, 0, 0, 0
glycerine:0, 0, 60, 0, 0, 0, 0, 0, 10, 0, 0, 0, 0, 0, 0, 0
godiva liqueur:30, 50, 80, 0, 20, 0, 0, 0, 20, 0, 0, 0, 0, 0, 70, 0
gold tequila:40, 80, 0, 0, 0, 10, 20, 0, 40, 10, 0, 0, 0, 0, 0, 0
goldschlager:40-48, 70, 30, 0, 0, 0, 0, 0, 30, 0, 0, 0, 0, 0, 10, 0
grain alcohol:95, 95, 0, 0, 0, 0, 0, 0, 20, 0, 0, 0, 0, 0, 0, 0
grand marnier:40, 70, 50, 20, 20, 0, 0, 0, 30, 0, 20, 30, 40, 0, 0, 0
grape juice:0, 0, 80, 10, 0, 0, 0, 30, 20, 0, 0, 0, 80, 0, 0, 0
grape soda:0, 0, 90, 10, 0, 0, 0, 0, 20, 0, 0, 0, 70, 0, 0, 0
grapefruit juice:0, 0, 10, 90, 10, 0, 0, 10, 20, 0, 0, 0, 80, 0, 0, 0
grapes:0, 0, 60, 20, 0, 0, 0, 20, 20, 0, 0, 0, 80, 0, 0, 0
green chartreuse:55, 80, 40, 0, 60, 0, 0, 20, 30, 0, 80, 0, 0, 0, 0, 0
green creme de menthe:24-34, 50, 70, 0, 30, 0, 0, 0, 20, 0, 70, 0, 0, 0, 10, 0
grenadine:0-18, 10, 80, 20, 0, 0, 0, 0, 20, 0, 0, 0, 80, 0, 0, 0
guava juice:0, 0, 60, 30, 0, 0, 0, 0, 20, 0, 0, 0, 90, 0, 10, 0
guinness stout:4.2, 10, 20, 20, 40, 10, 0, 10, 30, 0, 10, 0, 0, 0, 20, 30
half-and-half:0, 0, 20, 10, 0, 0, 10, 0, 20, 0, 0, 0, 0, 0, 90, 0
heavy cream:0, 0, 10, 10, 0, 0, 10, 0, 20, 0, 0, 0, 0, 0, 100, 0
honey:0, 0, 100, 0, 0, 10, 0, 0, 10, 0, 0, 0, 10, 0, 0, 0
hot chocolate:0, 0, 80, 10, 20, 10, 10, 0, 20, 10, 0, 0, 10, 0, 80, 10
hot damn:100, 90, 50, 0, 0, 0, 0, 0, 30, 0, 0, 0, 0, 0, 0, 0
ice:0, 0, 0, 0, 0, 0, 0, 0, 0, 0, 0, 0, 0, 0, 0, 0
iced tea:0, 0, 10, 20, 10, 0, 0, 0, 20, 0, 0, 0, 0, 0, 0, 0
irish cream:15-20, 30, 60, 0, 10, 0, 0, 0, 20, 0, 0, 0, 0, 0, 80, 0
irish whiskey:40, 70, 0, 0, 30, 20, 0, 0, 30, 0, 0, 0, 0, 0, 0, 10
jack daniels:40, 70, 0, 0, 10, 20, 0, 0, 30, 0, 0, 0, 10, 0, 0, 20
jello:0, 0, 80, 20, 0, 0, 0, 20, 10, 0, 0, 0, 30, 0, 10, 0
jim beam:40, 70, 10, 0, 10, 20, 0, 0, 30, 0, 0, 0, 10, 0, 0, 20
johnnie walker:40, 70, 0, 0, 20, 10, 0, 10, 30, 0, 0, 0, 10, 0, 0, 10
jägermeister:35, 60, 50, 0, 40, 20, 0, 0, 30, 30, 70, 0, 0, 0, 10, 0
kahlua:20, 40, 60, 0, 40, 10, 0, 0, 20, 0, 10, 0, 0, 0, 40, 10
kirschwasser:36-40, 60, 30, 0, 0, 0, 0, 0, 30, 0, 0, 0, 90, 0, 0, 0
kiwi:0, 0, 60, 20, 0, 0, 10, 10, 20, 0, 0, 10, 70, 0, 10, 0
kiwi liqueur:30, 50, 70, 10, 0, 0, 0, 0, 20, 0, 0, 10, 80, 0, 10, 0 
kool-aid:0, 0, 100, 10, 0, 0, 0, 0, 10, 0, 0, 0, 60, 0, 0, 0
kummel:35-40, 60, 40, 0, 40, 30, 0, 0, 30, 0, 80, 0, 0, 0, 0, 0
lager:4-6, 10, 10, 10, 20, 10, 10, 0, 20, 0, 10, 0, 0, 0, 10, 0 
lavender:0, 0, 10, 0, 20, 30, 0, 0, 20, 0, 90, 80, 0, 0, 0, 0
lemon:0, 0, 10, 90, 10, 0, 0, 10, 20, 0, 0, 10, 40, 0, 0, 0
lemon juice:0, 0, 10, 90, 10, 0, 0, 10, 20, 0, 0, 0, 30, 0, 0, 0
lemon peel:0, 0, 10, 50, 30, 0, 0, 10, 20, 0, 10, 40, 30, 0, 0, 0
lemon vodka:35-40, 60, 0, 60, 0, 0, 0, 0, 20, 0, 0, 10, 40, 0, 0, 0
lemon-lime soda:0, 0, 60, 40, 0, 0, 0, 0, 20, 0, 0, 0, 50, 0, 0, 0
lemonade:0, 0, 70, 30, 0, 0, 0, 0, 20, 0, 0, 0, 40, 0, 10, 0
licorice root:0, 0, 40, 0, 60, 40, 0, 0, 20, 0, 10, 0, 0, 0, 0, 0 
light cream:0, 0, 30, 20, 0, 0, 20, 0, 20, 0, 0, 0, 0, 0, 80, 0
light rum:40, 70, 20, 0, 0, 0, 0, 0, 30, 0, 0, 0, 30, 0, 0, 0
lillet blanc:17, 30, 40, 40, 30, 0, 0, 0, 20, 0, 40, 20, 10, 0, 0, 0
lime:0, 0, 10, 90, 20, 0, 0, 20, 20, 0, 0, 0, 30, 0, 0, 0
lime juice:0, 0, 10, 90, 20, 0, 0, 20, 20, 0, 0, 0, 20, 0, 0, 0
lime juice cordial:15-20, 30, 80, 20, 0, 0, 0, 0, 20, 0, 0, 0, 60, 0, 0, 0
lime peel:0, 0, 10, 60, 30, 0, 0, 20, 20, 0, 10, 30, 20, 0, 0, 0
lime vodka:35-40, 60, 0, 60, 0, 0, 0, 0, 20, 0, 0, 10, 40, 0, 0, 0
limeade:0, 0, 70, 30, 0, 0, 0, 0, 20, 0, 0, 0, 60, 0, 10, 0
malibu rum:21, 40, 50, 0, 0, 0, 10, 0, 20, 0, 0, 10, 30, 0, 40, 0 
mango:0, 0, 70, 10, 0, 10, 0, 0, 20, 0, 0, 0, 90, 0, 10, 0
maple syrup:0, 0, 100, 0, 0, 20, 0, 0, 10, 0, 0, 0, 10, 0, 10, 20
maraschino cherry:0-24, 10, 80, 10, 0, 0, 0, 0, 20, 0, 0, 0, 70, 0, 0, 0
maraschino liqueur:32, 50, 70, 10, 20, 0, 0, 0, 20, 0, 20, 40, 40, 0, 0, 0
marjoram leaves:0, 0, 0, 10, 40, 60, 10, 0, 30, 30, 70, 0, 0, 0, 0, 0
marshmallows:0, 0, 100, 0, 0, 0, 0, 0, 0, 0, 0, 0, 0, 0, 30, 0
maui:21, 40, 50, 0, 0, 0, 10, 0, 20, 0, 0, 20, 60, 0, 20, 0
melon liqueur:24, 40, 70, 0, 0, 0, 0, 0, 20, 0, 0, 0, 80, 0, 10, 0
midori melon liqueur:20, 40, 70, 0, 0, 0, 0, 0, 20, 0, 0, 0, 80, 0, 10, 0
milk:0, 0, 40, 20, 0, 0, 30, 0, 20, 0, 0, 0, 0, 0, 100, 0
mini-snickers bars:0, 0, 70, 0, 10, 20, 10, 0, 10, 0, 0, 0, 0, 30, 50, 10
mint:0, 0, 10, 20, 20, 40, 0, 0, 30, 10, 90, 10, 10, 0, 0, 0
mint syrup:0, 0, 90, 10, 0, 0, 0, 0, 20, 0, 80, 0, 10, 0, 10, 0
mountain dew:0, 0, 100, 30, 0, 0, 0, 0, 20, 0, 0, 0, 10, 0, 0, 0 
nutmeg:0, 0, 20, 0, 40, 60, 10, 0, 30, 40, 20, 10, 0, 0, 10, 40
olive:0, 0, 10, 20, 10, 60, 40, 0, 20, 10, 10, 0, 0, 0, 0, 0
olive brine:0, 0, 0, 40, 30, 80, 60, 0, 20, 20, 10, 0, 0, 0, 0, 10
orange:0, 0, 60, 30, 10, 0, 0, 10, 20, 0, 0, 20, 90, 0, 10, 0
orange bitters:35-45, 60, 30, 40, 60, 0, 0, 10, 30, 0, 0, 60, 30, 0, 0, 0
orange curacao:40, 70, 50, 20, 10, 0, 0, 0, 30, 0, 10, 20, 70, 0, 0, 0
orange juice:0, 0, 60, 30, 10, 0, 0, 10, 20, 0, 0, 0, 90, 0, 10, 0
orange peel:0, 0, 20, 40, 40, 0, 0, 20, 20, 0, 10, 60, 40, 0, 0, 0
orange spiral:0, 0, 70, 20, 0, 0, 0, 0, 20, 0, 0, 10, 80, 0, 10, 0
oreo cookie:0, 0, 60, 0, 10, 20, 10, 0, 10, 0, 0, 0, 0, 10, 50, 30
orgeat syrup:0, 0, 70, 0, 0, 0, 0, 0, 10, 0, 10, 0, 0, 30, 40, 0
ouzo:40-50, 70, 20, 0, 40, 10, 0, 0, 30, 0, 60, 10, 0, 0, 0, 0
papaya:0, 0, 70, 10, 0, 10, 0, 0, 20, 0, 0, 0, 80, 0, 10, 0
passion fruit juice:0, 0, 80, 20, 10, 10, 0, 10, 20, 0, 0, 0, 80, 0, 10, 0
passion fruit syrup:0, 0, 90, 10, 0, 10, 0, 0, 20, 0, 0, 0, 80, 0, 10, 0
peach bitters:35-45, 60, 30, 20, 40, 0, 0, 20, 30, 0, 0, 20, 60, 0, 0, 0
peach brandy:40, 70, 20, 0, 0, 10, 0, 0, 30, 0, 0, 0, 80, 0, 0, 0
peach nectar:0, 0, 80, 10, 0, 0, 0, 0, 20, 0, 0, 0, 90, 0, 10, 0
peach schnapps:15-24, 40, 60, 0, 0, 0, 0, 0, 20, 0, 0, 20, 80, 0, 0, 0
peach vodka:35-40, 60, 10, 10, 0, 0, 0, 0, 20, 0, 0, 10, 70, 0, 0, 0
peachtree schnapps:20, 40, 70, 0, 0, 0, 0, 0, 20, 0, 0, 20, 80, 0, 0, 0
pepper:0, 0, 0, 10, 20, 50, 40, 0, 30, 80, 10, 0, 0, 0, 0, 20
peppermint extract:0, 0, 30, 0, 10, 0, 0, 0, 20, 0, 90, 0, 0, 0, 0, 10
peppermint schnapps:15-50, 50, 40, 0, 0, 0, 0, 0, 20, 0, 90, 0, 0, 0, 10, 0
pepsi cola:0, 0, 100, 30, 0, 0, 0, 0, 20, 0, 0, 0, 0, 0, 0, 0
peychaud bitters:35, 60, 40, 10, 70, 30, 0, 0, 30, 0, 30, 20, 0, 0, 0, 0
pina colada mix:0-10, 10, 80, 20, 0, 0, 0, 0, 20, 0, 0, 0, 70, 0, 30, 0
pineapple:0, 0, 80, 10, 0, 10, 0, 10, 20, 0, 0, 0, 90, 0, 10, 0
pineapple juice:0, 0, 80, 10, 0, 0, 0, 10, 20, 0, 0, 0, 90, 0, 10, 0
pineapple syrup:0, 0, 100, 20, 0, 0, 0, 0, 20, 0, 0, 0, 80, 0, 10, 0
pink lemonade:0, 0, 80, 30, 0, 0, 0, 0, 20, 0, 0, 0, 40, 0, 0, 0
pisang ambon:17, 30, 70, 0, 0, 0, 0, 0, 20, 0, 0, 10, 90, 0, 10, 0
pisco:41-50, 70, 0, 0, 0, 0, 0, 0, 30, 0, 0, 0, 30, 0, 0, 0
port:16-20, 50, 60, 0, 20, 10, 20, 0, 30, 0, 0, 20, 40, 0, 0, 20
powdered sugar:0, 0, 100, 0, 0, 0, 0, 0, 0, 0, 0, 0, 0, 0, 0, 0
prosecco:12.5, 30, 10, 20, 0, 0, 0, 20, 20, 0, 0, 0, 20, 0, 10, 0
raspberry liqueur:15-28, 40, 70, 10, 0, 0, 0, 0, 20, 0, 0, 10, 80, 0, 0, 0
raspberry syrup:0, 0, 90, 10, 0, 0, 0, 0, 20, 0, 0, 10, 80, 0, 0, 0
raspberry vodka:35-40, 60, 40, 10, 0, 0, 0, 0, 20, 0, 0, 10, 80, 0, 0, 0
red wine:11-16.5, 60, 0, 50, 30, 0, 60, 0, 30, 0, 0, 30, 60, 0, 0, 20
ricard:45, 70, 20, 0, 40, 0, 0, 0, 30, 0, 70, 0, 0, 0, 0, 0
root beer:0, 0, 80, 20, 0, 10, 0, 0, 20, 0, 20, 0, 0, 0, 0, 10
rum:40, 70, 10, 0, 0, 0, 0, 0, 30, 0, 0, 0, 20, 0, 0, 10
rumple minze:50, 80, 40, 0, 10, 0, 0, 0, 30, 0, 90, 0, 0, 0, 10, 0
rye whiskey:40-50, 70, 0, 0, 20, 30, 0, 0, 30, 10, 0, 0, 10, 0, 0, 30
sambuca:40, 70, 40, 0, 20, 0, 0, 0, 30, 0, 60, 0, 0, 0, 0, 0
sarsaparilla:0, 0, 80, 20, 0, 10, 0, 0, 20, 0, 20, 0, 0, 0, 0, 10
schweppes russchian:0, 0, 80, 20, 0, 10, 0, 0, 20, 0, 0, 0, 0, 0, 0, 0
scotch:40, 70, 0, 0, 30, 20, 0, 0, 30, 0, 0, 0, 0, 0, 0, 30
sherbet:0, 0, 80, 20, 0, 0, 0, 0, 20, 0, 0, 0, 60, 0, 30, 0
sherry:15-22, 50, 40, 0, 20, 20, 20, 0, 30, 0, 10, 20, 40, 0, 0, 20
sirup of roses:0, 0, 80, 0, 0, 0, 0, 0, 20, 0, 40, 60, 0, 0, 10, 0
sloe gin:15-28, 40, 50, 20, 40, 0, 0, 0, 30, 0, 20, 20, 60, 0, 0, 0
soda water:0, 0, 0, 0, 0, 0, 0, 0, 10, 0, 0, 0, 0, 0, 0, 0
sour mix:0, 0, 60, 40, 0, 0, 0, 0, 20, 0, 0, 0, 10, 0, 0, 0
southern comfort:35, 60, 50, 0, 10, 20, 0, 0, 30, 0, 20, 30, 40, 0, 0, 10
spiced rum:40, 70, 30, 0, 0, 10, 0, 0, 30, 10, 40, 0, 20, 0, 0, 20
sprite:0, 0, 80, 30, 0, 0, 0, 0, 20, 0, 0, 0, 20, 0, 0, 0
st. germain:20, 40, 50, 0, 20, 0, 0, 0, 20, 0, 30, 70, 40, 0, 0, 0
strawberries:0, 0, 60, 10, 0, 0, 0, 10, 20, 0, 0, 0, 90, 0, 0, 0
strawberry liqueur:15-25, 40, 70, 10, 0, 0, 0, 0, 20, 0, 0, 10, 90, 0, 0, 0
strawberry schnapps:15-25, 40, 70, 0, 0, 0, 0, 0, 20, 0, 0, 10, 90, 0, 0, 0
sugar:0, 0, 100, 0, 0, 0, 0, 0, 0, 0, 0, 0, 0, 0, 0, 0
sugar syrup:0, 0, 100, 0, 0, 0, 0, 0, 20, 0, 0, 0, 0, 0, 0, 0
surge:0, 0, 90, 20, 0, 0, 0, 0, 20, 0, 0, 0, 10, 0, 0, 0
sweet and sour:0, 0, 70, 30, 0, 0, 0, 0, 20, 0, 0, 0, 20, 0, 0, 0
sweet vermouth:16-18, 40, 60, 0, 40, 10, 40, 0, 20, 0, 40, 10, 40, 0, 0, 0
tabasco sauce:0, 0, 10, 40, 10, 60, 40, 0, 20, 80, 20, 0, 20, 0, 0, 10
tea:0, 0, 10, 20, 40, 10, 20, 0, 30, 10, 40, 30, 0, 0, 0, 20
tennessee whiskey:40, 70, 10, 0, 10, 20, 0, 0, 30, 0, 0, 0, 0, 0, 0, 20
tequila:40, 80, 0, 0, 0, 10, 10, 0, 40, 10, 0, 0, 0, 0, 0, 0
tia maria:20-26.5, 40, 60, 0, 40, 10, 0, 0, 20, 0, 0, 0, 0, 0, 40, 10
tomato juice:0, 0, 20, 40, 10, 60, 20, 0, 20, 20, 10, 0, 10, 0, 0, 0
tonic water:0, 0, 40, 40, 30, 0, 0, 0, 20, 0, 10, 0, 0, 0, 0, 0
triple sec:30-40, 60, 60, 0, 0, 0, 0, 0, 30, 0, 20, 20, 40, 0, 0, 0
tropicana:0, 0, 80, 10, 0, 0, 0, 0, 20, 0, 0, 0, 90, 0, 10, 0
vanilla:0, 0, 50, 0, 0, 40, 0, 0, 20, 0, 0, 10, 0, 0, 60, 10
vanilla extract:35, 40, 60, 0, 0, 20, 0, 0, 20, 0, 0, 0, 0, 0, 20, 20
vanilla ice-cream:0, 0, 70, 0, 0, 10, 10, 0, 20, 0, 0, 0, 0, 0, 90, 0
vanilla vodka:35-40, 60, 20, 0, 0, 0, 0, 0, 20, 0, 0, 0, 10, 0, 10, 0
vermouth:16-18, 40, 30, 10, 50, 10, 30, 0, 20, 0, 60, 0, 10, 0, 0, 0
vodka:40, 80, 0, 0, 0, 0, 0, 0, 30, 0, 0, 0, 0, 0, 0, 0
water:0, 0, 0, 0, 0, 0, 0, 0, 0, 0, 0, 0, 0, 0, 0, 0
whipped cream:0, 0, 30, 10, 0, 0, 0, 0, 20, 0, 0, 0, 0, 0, 100, 0
whipping cream:0, 0, 20, 10, 0, 0, 0, 0, 20, 0, 0, 0, 0, 0, 100, 0
whiskey:40, 70, 10, 0, 20, 20, 0, 0, 30, 0, 0, 0, 10, 0, 0, 20
whisky:40, 70, 10, 0, 20, 20, 0, 0, 30, 0, 0, 0, 10, 0, 0, 20
white creme de menthe:24-30, 50, 70, 0, 10, 0, 0, 0, 20, 0, 70, 0, 0, 0, 10, 0
white rum:40, 70, 20, 0, 0, 0, 0, 0, 30, 0, 0, 0, 20, 0, 0, 0
wild turkey:40.5-50.5, 80, 10, 0, 20, 30, 0, 0, 30, 0, 0, 0, 10, 0, 0, 20
wine:8-20, 50, 10, 20, 30, 10, 40, 0, 30, 0, 0, 20, 50, 0, 0, 10
worcestershire sauce:0, 0, 20, 30, 60, 70, 40, 0, 20, 0, 20, 0, 0, 0, 0, 20
wormwood:0, 0, 10, 10, 90, 60, 10, 0, 20, 10, 70, 0, 0, 0, 0, 0
yellow chartreuse:43, 70, 40, 0, 60, 0, 0, 20, 30, 0, 80, 0, 0, 0, 0, 0
yoghurt:0, 0, 30, 30, 0, 0, 30, 0, 20, 0, 0, 0, 20, 0, 80, 0
yukon jack:40, 70, 30, 0, 30, 20, 0, 0, 30, 0, 10, 0, 0, 0, 20, 20
zima:4.7-5.4, 10, 80, 20, 0, 0, 0, 0, 20, 0, 0, 0, 20, 0, 0, 0